0, -96.0, 9.0, 79.0, 63.0
1, 20.0, 1.0, 43.0, 74.0
2, -169.0, 6.0, 69.0, 44.0
3, 54.0, 16.0, 70.0, 65.0
4, 1.0, 3.0, 80.0, 77.0
5, -157.0, 4.0, 74.0, 55.0
6, -118.0, -7.0, 69.0, 74.0
7, -39.0, 2.0, 71.0, 56.0
8, -81.0, 9.0, 70.0, 74.0
9, 92.0, 6.0, 61.0, 56.0
10, 58.0, 0.0, 59.0, 76.0
11, 174.0, -12.0, 52.0, 92.0
12, -72.0, 5.0, 67.0, 76.0
13, -46.0, 8.0, 65.0, 83.0
14, -30.0, 12.0, 56.0, 73.0
15, 38.0, -6.0, 82.0, 55.0
16, -49.0, 2.0, 93.0, 68.0
17, 98.0, 8.0, 63.0, 66.0
18, -184.0, -19.0, 64.0, 65.0
19, 45.0, 3.0, 69.0, 63.0
20, 20.0, 23.0, 90.0, 73.0
21, -104.0, 5.0, 65.0, 70.0
22, 33.0, 17.0, 55.0, 60.0
23, -70.0, 7.0, 75.0, 66.0
24, -217.0, 14.0, 75.0, 75.0
25, -136.0, 1.0, 58.0, 66.0
26, 6.0, 15.0, 58.0, 60.0
27, 248.0, 19.0, 75.0, 71.0
28, 27.0, 14.0, 53.0, 66.0
29, -45.0, -7.0, 79.0, 81.0
30, -227.0, -3.0, 73.0, 65.0
31, 185.0, 6.0, 80.0, 56.0
32, 115.0, -10.0, 87.0, 62.0
33, -155.0, 7.0, 67.0, 51.0
34, -128.0, 1.0, 85.0, 48.0
35, -12.0, -14.0, 52.0, 75.0
36, -217.0, 7.0, 89.0, 56.0
37, 162.0, -9.0, 64.0, 88.0
38, -56.0, 4.0, 44.0, 80.0
39, 167.0, -2.0, 59.0, 67.0
40, 0.0, 5.0, 80.0, 64.0
41, -1.0, 8.0, 75.0, 59.0
42, 20.0, 12.0, 44.0, 79.0
43, -143.0, 17.0, 72.0, 62.0
44, 195.0, 2.0, 67.0, 41.0
45, 184.0, 7.0, 67.0, 59.0
46, -63.0, -11.0, 72.0, 75.0
47, 122.0, 14.0, 92.0, 65.0
48, 24.0, 12.0, 75.0, 69.0
49, -66.0, -29.0, 80.0, 81.0
50, -89.0, -6.0, 80.0, 58.0
51, 139.0, 8.0, 69.0, 84.0
52, 113.0, -4.0, 60.0, 59.0
53, -56.0, 9.0, 67.0, 82.0
54, 67.0, 9.0, 63.0, 82.0
55, -136.0, -1.0, 67.0, 70.0
56, 19.0, 5.0, 55.0, 65.0
57, 142.0, 28.0, 59.0, 70.0
58, 100.0, 2.0, 69.0, 66.0
59, -115.0, -17.0, 62.0, 92.0
60, 149.0, 24.0, 58.0, 50.0
61, 109.0, 2.0, 74.0, 71.0
62, 84.0, -21.0, 54.0, 63.0
63, 117.0, 5.0, 67.0, 78.0
64, -15.0, 10.0, 67.0, 82.0
65, -101.0, 0.0, 65.0, 64.0
66, -77.0, 1.0, 72.0, 71.0
67, 200.0, 3.0, 60.0, 65.0
68, 0.0, -3.0, 56.0, 42.0
69, 64.0, 6.0, 73.0, 57.0
70, 47.0, 3.0, 70.0, 92.0
71, -157.0, 20.0, 86.0, 69.0
72, 116.0, -12.0, 64.0, 70.0
73, 31.0, 7.0, 60.0, 88.0
74, 116.0, 2.0, 46.0, 80.0
75, 72.0, 6.0, 51.0, 75.0
76, 20.0, 17.0, 64.0, 69.0
77, -139.0, -9.0, 56.0, 72.0
78, -274.0, -2.0, 61.0, 69.0
79, -22.0, 15.0, 67.0, 59.0
80, -8.0, -6.0, 78.0, 70.0
81, 106.0, 12.0, 64.0, 75.0
82, 36.0, -9.0, 46.0, 72.0
83, -52.0, 0.0, 68.0, 76.0
84, 54.0, -11.0, 76.0, 66.0
85, 90.0, 23.0, 67.0, 67.0
86, 107.0, -8.0, 80.0, 92.0
87, 83.0, 11.0, 80.0, 81.0
88, 33.0, -9.0, 82.0, 58.0
89, 64.0, 7.0, 47.0, 70.0
90, 123.0, 13.0, 76.0, 67.0
91, -37.0, -4.0, 58.0, 73.0
92, 130.0, 19.0, 58.0, 80.0
93, 9.0, 3.0, 81.0, 74.0
94, -85.0, -2.0, 58.0, 71.0
95, 70.0, -10.0, 68.0, 70.0
96, -38.0, -10.0, 62.0, 75.0
97, -166.0, 15.0, 87.0, 65.0
98, -45.0, 0.0, 81.0, 79.0
99, 18.0, -12.0, 67.0, 87.0
100, 178.0, -12.0, 88.0, 80.0
101, -4.0, 0.0, 59.0, 60.0
102, -93.0, 4.0, 62.0, 68.0
103, -4.0, 8.0, 74.0, 64.0
104, 128.0, 4.0, 53.0, 57.0
105, 155.0, 1.0, 63.0, 64.0
106, -121.0, 20.0, 79.0, 69.0
107, 28.0, -7.0, 61.0, 70.0
108, 45.0, 14.0, 68.0, 67.0
109, 152.0, -10.0, 37.0, 82.0
110, -121.0, 9.0, 67.0, 71.0
111, 342.0, -11.0, 73.0, 67.0
112, 178.0, 15.0, 71.0, 69.0
113, 71.0, 22.0, 72.0, 49.0
114, 22.0, 0.0, 66.0, 57.0
115, 99.0, -14.0, 76.0, 78.0
116, -115.0, 9.0, 60.0, 72.0
117, 2.0, 19.0, 57.0, 62.0
118, -83.0, 1.0, 82.0, 90.0
119, 44.0, 0.0, 70.0, 75.0
120, 19.0, -14.0, 59.0, 76.0
121, 96.0, 0.0, 68.0, 72.0
122, -117.0, -7.0, 60.0, 89.0
123, 35.0, 2.0, 57.0, 62.0
124, -379.0, -3.0, 63.0, 80.0
125, 14.0, -1.0, 72.0, 88.0
126, -243.0, 8.0, 82.0, 87.0
127, -180.0, -5.0, 66.0, 64.0
128, 20.0, 0.0, 76.0, 71.0
129, 98.0, -7.0, 79.0, 78.0
130, -72.0, 3.0, 53.0, 94.0
131, 145.0, 25.0, 56.0, 58.0
132, -206.0, -14.0, 63.0, 63.0
133, 68.0, -7.0, 71.0, 70.0
134, -29.0, -1.0, 63.0, 71.0
135, 54.0, 17.0, 59.0, 75.0
136, 22.0, 3.0, 86.0, 72.0
137, 156.0, 13.0, 67.0, 71.0
138, -355.0, 5.0, 78.0, 78.0
139, 79.0, 14.0, 45.0, 71.0
140, -56.0, 0.0, 62.0, 80.0
141, -74.0, 11.0, 68.0, 61.0
142, 155.0, 1.0, 74.0, 61.0
143, -114.0, 13.0, 73.0, 84.0
144, 141.0, 10.0, 64.0, 68.0
145, -45.0, -4.0, 48.0, 72.0
146, 49.0, -13.0, 61.0, 64.0
147, 9.0, -3.0, 64.0, 82.0
148, -167.0, -6.0, 51.0, 72.0
149, 182.0, 10.0, 67.0, 77.0
150, 72.0, 17.0, 71.0, 77.0
151, 14.0, 3.0, 80.0, 75.0
152, 132.0, 20.0, 82.0, 54.0
153, 9.0, 15.0, 60.0, 69.0
154, 26.0, -7.0, 66.0, 77.0
155, 143.0, -11.0, 70.0, 77.0
156, 249.0, 11.0, 61.0, 82.0
157, 6.0, -14.0, 71.0, 78.0
158, -144.0, 11.0, 86.0, 66.0
159, -6.0, 10.0, 48.0, 74.0
160, 3.0, 0.0, 82.0, 76.0
161, 145.0, 7.0, 92.0, 83.0
162, 64.0, 26.0, 79.0, 76.0
163, 94.0, 12.0, 69.0, 71.0
164, 49.0, -4.0, 93.0, 55.0
165, 97.0, 1.0, 59.0, 72.0
166, -227.0, -24.0, 69.0, 66.0
167, -15.0, 0.0, 66.0, 74.0
168, -153.0, 9.0, 55.0, 66.0
169, 188.0, -2.0, 64.0, 54.0
170, -53.0, -10.0, 60.0, 83.0
171, -76.0, -3.0, 65.0, 76.0
172, -158.0, 4.0, 75.0, 76.0
173, -75.0, 1.0, 74.0, 60.0
174, -15.0, 12.0, 93.0, 83.0
175, -24.0, 11.0, 78.0, 71.0
176, -51.0, 23.0, 83.0, 62.0
177, 41.0, 8.0, 61.0, 50.0
178, 37.0, 8.0, 76.0, 62.0
179, -133.0, -2.0, 57.0, 59.0
180, 56.0, 8.0, 52.0, 91.0
181, -33.0, -9.0, 51.0, 69.0
182, 119.0, 11.0, 85.0, 65.0
183, 143.0, 6.0, 72.0, 60.0
184, 34.0, 18.0, 64.0, 86.0
185, -160.0, 17.0, 70.0, 76.0
186, 100.0, 0.0, 76.0, 61.0
187, 97.0, 3.0, 58.0, 79.0
188, 66.0, 10.0, 84.0, 61.0
189, 55.0, -7.0, 55.0, 88.0
190, -93.0, 19.0, 57.0, 67.0
191, -46.0, 13.0, 60.0, 87.0
192, -69.0, 12.0, 68.0, 63.0
193, -63.0, 1.0, 71.0, 70.0
194, -47.0, 4.0, 71.0, 86.0
195, -49.0, 3.0, 55.0, 69.0
196, -154.0, 26.0, 58.0, 59.0
197, -245.0, 13.0, 75.0, 89.0
198, 81.0, 0.0, 76.0, 74.0
199, -184.0, 5.0, 73.0, 80.0
200, 46.0, -17.0, 78.0, 72.0
201, -238.0, 3.0, 62.0, 68.0
202, 7.0, 15.0, 70.0, 84.0
203, 112.0, 9.0, 76.0, 57.0
204, 19.0, 30.0, 70.0, 63.0
205, 126.0, 4.0, 61.0, 55.0
206, -196.0, 1.0, 76.0, 75.0
207, 0.0, 13.0, 44.0, 69.0
208, 17.0, 1.0, 76.0, 57.0
209, 29.0, 4.0, 54.0, 60.0
210, -13.0, 14.0, 63.0, 63.0
211, 96.0, 0.0, 60.0, 64.0
212, -20.0, -4.0, 62.0, 73.0
213, -109.0, -11.0, 61.0, 58.0
214, 183.0, 3.0, 74.0, 96.0
215, -32.0, 10.0, 69.0, 82.0
216, 126.0, 6.0, 64.0, 75.0
217, 61.0, 27.0, 65.0, 66.0
218, -34.0, -10.0, 61.0, 79.0
219, -48.0, -10.0, 47.0, 86.0
220, -18.0, -10.0, 65.0, 60.0
221, 108.0, 7.0, 75.0, 70.0
222, -163.0, 1.0, 61.0, 92.0
223, -20.0, -2.0, 76.0, 84.0
224, 14.0, -12.0, 65.0, 73.0
225, 213.0, -2.0, 61.0, 72.0
226, -28.0, 5.0, 50.0, 67.0
227, 51.0, -6.0, 70.0, 59.0
228, -93.0, 2.0, 77.0, 69.0
229, 131.0, 10.0, 82.0, 67.0
230, 270.0, 10.0, 53.0, 74.0
231, 165.0, -1.0, 72.0, 78.0
232, 78.0, -7.0, 46.0, 64.0
233, 6.0, -5.0, 77.0, 69.0
234, -172.0, 12.0, 73.0, 74.0
235, -6.0, 15.0, 67.0, 85.0
236, 22.0, 8.0, 73.0, 78.0
237, 99.0, 1.0, 63.0, 66.0
238, 151.0, 14.0, 63.0, 62.0
239, 37.0, -9.0, 55.0, 70.0
240, 237.0, 9.0, 79.0, 75.0
241, -165.0, 13.0, 67.0, 84.0
242, -89.0, 1.0, 64.0, 90.0
243, -66.0, 6.0, 75.0, 72.0
244, -62.0, 8.0, 67.0, 82.0
245, 20.0, 7.0, 42.0, 67.0
246, -7.0, 10.0, 80.0, 69.0
247, -141.0, 20.0, 78.0, 68.0
248, 38.0, 3.0, 57.0, 67.0
249, 1.0, 12.0, 80.0, 74.0
250, -192.0, -26.0, 72.0, 86.0
251, 8.0, 9.0, 84.0, 81.0
252, 123.0, -6.0, 97.0, 46.0
253, 140.0, 10.0, 82.0, 64.0
254, -38.0, -1.0, 46.0, 71.0
255, -20.0, -6.0, 61.0, 64.0
0, -246.0, -13.0, 79.0, 64.0
1, 151.0, -9.0, 77.0, 59.0
2, 93.0, 20.0, 58.0, 77.0
3, -17.0, -9.0, 62.0, 87.0
4, -52.0, 6.0, 70.0, 74.0
5, -197.0, 18.0, 66.0, 80.0
6, -9.0, 5.0, 67.0, 66.0
7, -327.0, -1.0, 51.0, 71.0
8, -68.0, -7.0, 68.0, 53.0
9, 31.0, -3.0, 57.0, 63.0
10, 34.0, 8.0, 58.0, 58.0
11, -21.0, -15.0, 65.0, 56.0
12, -221.0, 14.0, 94.0, 83.0
13, -20.0, -3.0, 61.0, 84.0
14, -15.0, 12.0, 52.0, 74.0
15, 25.0, 4.0, 49.0, 51.0
16, 2.0, 15.0, 62.0, 79.0
17, 119.0, -5.0, 76.0, 66.0
18, -16.0, 12.0, 52.0, 85.0
19, -124.0, -8.0, 53.0, 78.0
20, -110.0, 5.0, 73.0, 80.0
21, 214.0, -5.0, 52.0, 36.0
22, 12.0, 7.0, 45.0, 81.0
23, 91.0, 3.0, 55.0, 76.0
24, 35.0, -5.0, 55.0, 67.0
25, 106.0, 5.0, 68.0, 70.0
26, 193.0, 2.0, 74.0, 91.0
27, -53.0, 14.0, 82.0, 79.0
28, 23.0, 15.0, 71.0, 56.0
29, -97.0, 14.0, 75.0, 64.0
30, -34.0, 11.0, 53.0, 84.0
31, 165.0, -17.0, 70.0, 71.0
32, -41.0, -4.0, 53.0, 84.0
33, -81.0, 11.0, 73.0, 83.0
34, 164.0, 4.0, 71.0, 64.0
35, -90.0, 19.0, 49.0, 77.0
36, 42.0, -16.0, 65.0, 79.0
37, 6.0, 3.0, 61.0, 68.0
38, 44.0, 9.0, 60.0, 66.0
39, -12.0, 15.0, 44.0, 64.0
40, 7.0, 8.0, 61.0, 81.0
41, -34.0, -4.0, 55.0, 97.0
42, -148.0, -14.0, 68.0, 72.0
43, 32.0, 2.0, 76.0, 86.0
44, -62.0, 5.0, 64.0, 60.0
45, -67.0, 26.0, 77.0, 67.0
46, 167.0, 7.0, 70.0, 101.0
47, 73.0, 0.0, 66.0, 76.0
48, -11.0, 12.0, 67.0, 58.0
49, -21.0, -3.0, 92.0, 74.0
50, 148.0, 5.0, 73.0, 72.0
51, 39.0, 18.0, 72.0, 51.0
52, 53.0, 0.0, 81.0, 78.0
53, -117.0, 12.0, 83.0, 75.0
54, 17.0, 17.0, 65.0, 67.0
55, -78.0, -21.0, 80.0, 70.0
56, 170.0, -1.0, 71.0, 72.0
57, 44.0, 12.0, 58.0, 54.0
58, 121.0, -14.0, 60.0, 74.0
59, 10.0, -8.0, 83.0, 74.0
60, -212.0, 3.0, 75.0, 101.0
61, 157.0, 16.0, 68.0, 90.0
62, -97.0, 7.0, 56.0, 82.0
63, -2.0, 6.0, 62.0, 61.0
64, 175.0, 1.0, 60.0, 82.0
65, 35.0, -5.0, 61.0, 85.0
66, -41.0, 11.0, 75.0, 75.0
67, 0.0, -8.0, 70.0, 63.0
68, 28.0, -1.0, 67.0, 66.0
69, -46.0, -3.0, 46.0, 85.0
70, 104.0, 8.0, 64.0, 78.0
71, -108.0, 13.0, 75.0, 78.0
72, -115.0, -6.0, 59.0, 61.0
73, 35.0, 0.0, 74.0, 68.0
74, 85.0, 10.0, 65.0, 84.0
75, 129.0, -5.0, 49.0, 77.0
76, -65.0, -10.0, 65.0, 82.0
77, -112.0, 3.0, 60.0, 63.0
78, -31.0, -16.0, 79.0, 64.0
79, 59.0, 0.0, 50.0, 51.0
80, -236.0, 16.0, 58.0, 86.0
81, -131.0, -3.0, 63.0, 52.0
82, 166.0, 24.0, 88.0, 97.0
83, -17.0, -5.0, 55.0, 61.0
84, -92.0, -17.0, 64.0, 80.0
85, -96.0, -11.0, 74.0, 66.0
86, -207.0, -7.0, 54.0, 77.0
87, 203.0, -7.0, 69.0, 71.0
88, 61.0, 8.0, 64.0, 76.0
89, 50.0, -10.0, 62.0, 67.0
90, 78.0, 13.0, 80.0, 56.0
91, -33.0, -1.0, 87.0, 62.0
92, 17.0, 4.0, 59.0, 68.0
93, 19.0, 18.0, 57.0, 67.0
94, 185.0, 1.0, 72.0, 71.0
95, 91.0, -13.0, 67.0, 55.0
96, 226.0, -1.0, 73.0, 72.0
97, 5.0, 6.0, 58.0, 65.0
98, -40.0, -7.0, 64.0, 79.0
99, -24.0, 21.0, 54.0, 46.0
100, -235.0, 10.0, 83.0, 95.0
101, -182.0, -6.0, 66.0, 43.0
102, 85.0, -8.0, 81.0, 64.0
103, 63.0, 8.0, 80.0, 68.0
104, 64.0, 5.0, 51.0, 72.0
105, 35.0, -8.0, 68.0, 78.0
106, 48.0, 26.0, 69.0, 68.0
107, 87.0, 0.0, 76.0, 69.0
108, -18.0, 13.0, 74.0, 79.0
109, 42.0, 13.0, 59.0, 80.0
110, -116.0, 19.0, 52.0, 75.0
111, 54.0, 18.0, 81.0, 65.0
112, -57.0, 37.0, 64.0, 66.0
113, -126.0, 1.0, 52.0, 78.0
114, 54.0, 2.0, 77.0, 55.0
115, -25.0, 5.0, 65.0, 82.0
116, 165.0, 18.0, 56.0, 94.0
117, -11.0, 15.0, 81.0, 66.0
118, 97.0, 10.0, 62.0, 73.0
119, -139.0, -10.0, 74.0, 61.0
120, 100.0, -2.0, 84.0, 80.0
121, 30.0, 14.0, 64.0, 77.0
122, 240.0, 4.0, 50.0, 79.0
123, -126.0, -9.0, 32.0, 82.0
124, 261.0, -7.0, 75.0, 73.0
125, -89.0, -4.0, 60.0, 56.0
126, -107.0, 12.0, 56.0, 67.0
127, 44.0, 7.0, 48.0, 82.0
128, -93.0, 8.0, 66.0, 82.0
129, -28.0, 1.0, 96.0, 65.0
130, 39.0, 3.0, 56.0, 62.0
131, -79.0, 15.0, 67.0, 79.0
132, 75.0, 6.0, 73.0, 54.0
133, -58.0, -1.0, 84.0, 78.0
134, 23.0, 4.0, 86.0, 73.0
135, 49.0, 13.0, 66.0, 76.0
136, 346.0, 19.0, 68.0, 78.0
137, 56.0, -3.0, 76.0, 60.0
138, 40.0, 16.0, 62.0, 71.0
139, -76.0, 20.0, 49.0, 64.0
140, 89.0, -5.0, 65.0, 69.0
141, -173.0, 18.0, 52.0, 74.0
142, 60.0, 4.0, 42.0, 80.0
143, -16.0, 13.0, 54.0, 80.0
144, 41.0, -6.0, 82.0, 59.0
145, -100.0, 9.0, 75.0, 85.0
146, -30.0, 0.0, 65.0, 64.0
147, -58.0, 5.0, 55.0, 57.0
148, -63.0, 4.0, 74.0, 69.0
149, -247.0, 12.0, 55.0, 55.0
150, -27.0, 1.0, 77.0, 58.0
151, 107.0, -6.0, 79.0, 77.0
152, 24.0, -1.0, 70.0, 77.0
153, 9.0, 12.0, 59.0, 61.0
154, -184.0, 3.0, 63.0, 90.0
155, -52.0, -1.0, 73.0, 82.0
156, -120.0, 11.0, 73.0, 87.0
157, 50.0, -16.0, 57.0, 82.0
158, -8.0, 30.0, 79.0, 65.0
159, 46.0, 4.0, 68.0, 73.0
160, -7.0, -10.0, 87.0, 71.0
161, -55.0, -3.0, 63.0, 64.0
162, -241.0, 15.0, 69.0, 80.0
163, 42.0, -6.0, 69.0, 62.0
164, -14.0, 24.0, 77.0, 88.0
165, -79.0, 0.0, 71.0, 83.0
166, -64.0, -17.0, 90.0, 76.0
167, -22.0, 21.0, 59.0, 79.0
168, -26.0, 10.0, 72.0, 52.0
169, -235.0, -6.0, 54.0, 86.0
170, 57.0, 8.0, 63.0, 81.0
171, -33.0, 1.0, 74.0, 77.0
172, -282.0, -15.0, 61.0, 52.0
173, 83.0, 3.0, 51.0, 75.0
174, 102.0, 7.0, 49.0, 72.0
175, 240.0, 26.0, 63.0, 60.0
176, -55.0, 2.0, 73.0, 70.0
177, -42.0, -9.0, 74.0, 90.0
178, -35.0, 19.0, 51.0, 68.0
179, 81.0, 14.0, 51.0, 73.0
180, 20.0, -1.0, 57.0, 49.0
181, -1.0, 13.0, 58.0, 85.0
182, -103.0, 7.0, 59.0, 68.0
183, -65.0, 4.0, 55.0, 80.0
184, 126.0, -2.0, 65.0, 86.0
185, 145.0, 18.0, 76.0, 76.0
186, 27.0, 12.0, 67.0, 64.0
187, 77.0, 5.0, 78.0, 48.0
188, 123.0, 21.0, 74.0, 68.0
189, 348.0, -7.0, 62.0, 79.0
190, -48.0, 13.0, 69.0, 52.0
191, 121.0, 9.0, 67.0, 89.0
192, 119.0, 2.0, 51.0, 60.0
193, 216.0, 14.0, 68.0, 61.0
194, -26.0, -7.0, 55.0, 84.0
195, -53.0, -21.0, 53.0, 66.0
196, -250.0, 10.0, 54.0, 64.0
197, 92.0, 6.0, 76.0, 96.0
198, -87.0, 18.0, 81.0, 51.0
199, -64.0, 4.0, 73.0, 54.0
200, 108.0, -11.0, 63.0, 81.0
201, -174.0, 15.0, 71.0, 84.0
202, -21.0, 7.0, 74.0, 76.0
203, 25.0, 4.0, 74.0, 69.0
204, 45.0, 0.0, 64.0, 87.0
205, -18.0, 10.0, 63.0, 73.0
206, 25.0, -12.0, 69.0, 79.0
207, -6.0, 6.0, 76.0, 71.0
208, -52.0, 4.0, 61.0, 74.0
209, 114.0, 39.0, 49.0, 67.0
210, -58.0, 1.0, 81.0, 79.0
211, 150.0, -8.0, 53.0, 70.0
212, 8.0, 17.0, 83.0, 99.0
213, 148.0, -8.0, 63.0, 60.0
214, 105.0, -17.0, 85.0, 74.0
215, 194.0, 0.0, 72.0, 76.0
216, -62.0, 8.0, 60.0, 57.0
217, 194.0, 21.0, 79.0, 74.0
218, -126.0, -11.0, 73.0, 86.0
219, 133.0, 6.0, 67.0, 77.0
220, -60.0, 1.0, 60.0, 66.0
221, -77.0, 10.0, 72.0, 75.0
222, 21.0, -15.0, 72.0, 62.0
223, 63.0, -3.0, 55.0, 59.0
224, -172.0, -8.0, 50.0, 73.0
225, 169.0, 16.0, 55.0, 69.0
226, -108.0, 2.0, 75.0, 58.0
227, 24.0, 6.0, 64.0, 56.0
228, 107.0, -15.0, 73.0, 84.0
229, 45.0, 1.0, 102.0, 72.0
230, -33.0, 2.0, 65.0, 78.0
231, 258.0, 21.0, 54.0, 75.0
232, 15.0, 18.0, 80.0, 98.0
233, 32.0, 0.0, 71.0, 73.0
234, -117.0, -3.0, 56.0, 54.0
235, -131.0, 21.0, 94.0, 70.0
236, -151.0, -6.0, 61.0, 64.0
237, 115.0, 24.0, 62.0, 63.0
238, 76.0, 14.0, 48.0, 83.0
239, -29.0, 9.0, 54.0, 66.0
240, -10.0, 3.0, 82.0, 67.0
241, -50.0, 10.0, 83.0, 59.0
242, 33.0, -4.0, 63.0, 63.0
243, 83.0, 21.0, 60.0, 54.0
244, 102.0, 13.0, 71.0, 63.0
245, 59.0, -3.0, 64.0, 76.0
246, 35.0, 13.0, 79.0, 78.0
247, -33.0, -2.0, 76.0, 65.0
248, 173.0, 0.0, 81.0, 78.0
249, -194.0, 17.0, 69.0, 53.0
250, -48.0, -3.0, 71.0, 60.0
251, 162.0, -7.0, 72.0, 80.0
252, -193.0, -12.0, 72.0, 61.0
253, 24.0, -3.0, 54.0, 75.0
254, -135.0, -5.0, 54.0, 76.0
255, -92.0, -8.0, 59.0, 71.0
0, 17.0, 9.0, 85.0, 65.0
1, 130.0, 2.0, 69.0, 87.0
2, 52.0, -33.0, 73.0, 84.0
3, 60.0, 9.0, 74.0, 81.0
4, 67.0, 0.0, 65.0, 89.0
5, 70.0, 13.0, 77.0, 56.0
6, 78.0, -1.0, 76.0, 62.0
7, 109.0, 0.0, 91.0, 79.0
8, -122.0, 26.0, 63.0, 69.0
9, -23.0, -9.0, 87.0, 75.0
10, 28.0, 14.0, 72.0, 74.0
11, 104.0, 3.0, 74.0, 84.0
12, 154.0, -25.0, 63.0, 89.0
13, -84.0, -18.0, 72.0, 59.0
14, 24.0, 13.0, 91.0, 81.0
15, -148.0, -24.0, 78.0, 78.0
16, 136.0, 0.0, 74.0, 66.0
17, -142.0, 14.0, 88.0, 61.0
18, -68.0, 18.0, 71.0, 72.0
19, 10.0, 15.0, 55.0, 70.0
20, 48.0, -2.0, 65.0, 56.0
21, 48.0, 0.0, 57.0, 96.0
22, -95.0, 2.0, 69.0, 64.0
23, -205.0, 14.0, 73.0, 68.0
24, 76.0, 9.0, 64.0, 91.0
25, -221.0, -1.0, 68.0, 83.0
26, -133.0, 10.0, 76.0, 72.0
27, -161.0, 18.0, 74.0, 94.0
28, 51.0, 12.0, 60.0, 76.0
29, 76.0, -1.0, 88.0, 85.0
30, 150.0, 7.0, 61.0, 78.0
31, -34.0, 18.0, 82.0, 80.0
32, -45.0, -10.0, 56.0, 61.0
33, -65.0, 16.0, 70.0, 85.0
34, 162.0, -20.0, 69.0, 85.0
35, 208.0, -18.0, 70.0, 75.0
36, 77.0, 13.0, 62.0, 84.0
37, -123.0, 7.0, 59.0, 73.0
38, 18.0, 0.0, 63.0, 74.0
39, 138.0, -2.0, 64.0, 75.0
40, 61.0, -22.0, 75.0, 65.0
41, -96.0, -11.0, 44.0, 64.0
42, 16.0, 8.0, 78.0, 99.0
43, 112.0, -9.0, 69.0, 53.0
44, -114.0, 0.0, 72.0, 68.0
45, 125.0, 4.0, 65.0, 62.0
46, 46.0, -2.0, 69.0, 82.0
47, 187.0, -6.0, 48.0, 61.0
48, 96.0, -11.0, 60.0, 46.0
49, -60.0, 5.0, 84.0, 73.0
50, -42.0, -1.0, 64.0, 82.0
51, -101.0, -23.0, 62.0, 56.0
52, 47.0, 3.0, 60.0, 78.0
53, -64.0, -5.0, 50.0, 76.0
54, -183.0, 24.0, 72.0, 77.0
55, 23.0, 5.0, 72.0, 95.0
56, -7.0, 3.0, 69.0, 67.0
57, 38.0, 20.0, 64.0, 69.0
58, 143.0, -6.0, 67.0, 63.0
59, -50.0, 1.0, 52.0, 80.0
60, 84.0, 8.0, 65.0, 87.0
61, 8.0, 26.0, 53.0, 77.0
62, -91.0, 25.0, 75.0, 64.0
63, -50.0, 20.0, 74.0, 61.0
64, -72.0, -8.0, 62.0, 71.0
65, -11.0, 14.0, 78.0, 55.0
66, 7.0, 13.0, 48.0, 65.0
67, -65.0, -5.0, 59.0, 69.0
68, 116.0, 9.0, 77.0, 60.0
69, 47.0, 3.0, 62.0, 71.0
70, 150.0, 10.0, 63.0, 69.0
71, -185.0, 6.0, 61.0, 66.0
72, 36.0, 17.0, 76.0, 61.0
73, 97.0, 7.0, 80.0, 54.0
74, 63.0, 8.0, 72.0, 82.0
75, 79.0, 15.0, 75.0, 82.0
76, 6.0, 10.0, 61.0, 62.0
77, -45.0, 17.0, 65.0, 80.0
78, 99.0, 18.0, 65.0, 74.0
79, 184.0, 7.0, 65.0, 84.0
80, -119.0, 17.0, 75.0, 98.0
81, -11.0, 26.0, 61.0, 83.0
82, -33.0, 12.0, 39.0, 50.0
83, -42.0, -23.0, 73.0, 80.0
84, -6.0, 8.0, 73.0, 47.0
85, -118.0, 11.0, 55.0, 65.0
86, -101.0, 10.0, 58.0, 48.0
87, -223.0, 5.0, 78.0, 50.0
88, -15.0, 1.0, 50.0, 63.0
89, 25.0, 5.0, 61.0, 70.0
90, -3.0, -13.0, 53.0, 47.0
91, -144.0, 13.0, 70.0, 72.0
92, -29.0, 0.0, 90.0, 63.0
93, -366.0, 6.0, 76.0, 61.0
94, 109.0, -10.0, 75.0, 56.0
95, -77.0, -6.0, 58.0, 73.0
96, 226.0, 14.0, 67.0, 77.0
97, -99.0, 3.0, 64.0, 69.0
98, -26.0, 2.0, 62.0, 84.0
99, -25.0, -20.0, 93.0, 63.0
100, 20.0, 19.0, 77.0, 79.0
101, -56.0, 15.0, 93.0, 88.0
102, -85.0, 24.0, 80.0, 44.0
103, 2.0, 2.0, 61.0, 61.0
104, -129.0, -2.0, 67.0, 83.0
105, -21.0, 22.0, 53.0, 73.0
106, -108.0, 2.0, 79.0, 74.0
107, -51.0, 11.0, 49.0, 84.0
108, 112.0, 2.0, 67.0, 73.0
109, -37.0, 18.0, 79.0, 82.0
110, 138.0, -2.0, 70.0, 67.0
111, 85.0, -2.0, 56.0, 57.0
112, -32.0, 7.0, 64.0, 66.0
113, -189.0, 26.0, 72.0, 63.0
114, -62.0, 5.0, 55.0, 65.0
115, 118.0, 16.0, 74.0, 97.0
116, -31.0, -1.0, 52.0, 56.0
117, 71.0, -1.0, 65.0, 64.0
118, -33.0, 2.0, 75.0, 74.0
119, 42.0, 7.0, 62.0, 71.0
120, 167.0, 3.0, 62.0, 61.0
121, 32.0, -3.0, 75.0, 65.0
122, 86.0, 35.0, 80.0, 62.0
123, -28.0, -15.0, 90.0, 90.0
124, 94.0, -8.0, 61.0, 45.0
125, -77.0, 3.0, 49.0, 67.0
126, 41.0, 11.0, 77.0, 62.0
127, -27.0, 5.0, 60.0, 73.0
128, 97.0, 17.0, 63.0, 64.0
129, 48.0, 7.0, 79.0, 73.0
130, 62.0, -1.0, 66.0, 70.0
131, -58.0, 3.0, 73.0, 72.0
132, -45.0, 2.0, 77.0, 65.0
133, 59.0, 9.0, 45.0, 69.0
134, -1.0, 17.0, 81.0, 56.0
135, 5.0, -21.0, 76.0, 52.0
136, -96.0, -2.0, 58.0, 54.0
137, 107.0, -10.0, 64.0, 77.0
138, 218.0, 12.0, 65.0, 77.0
139, 160.0, 6.0, 88.0, 68.0
140, -38.0, -7.0, 90.0, 63.0
141, -51.0, -17.0, 70.0, 81.0
142, -198.0, -5.0, 82.0, 81.0
143, -67.0, 3.0, 61.0, 55.0
144, -59.0, -6.0, 65.0, 75.0
145, -101.0, 7.0, 66.0, 62.0
146, 51.0, 13.0, 61.0, 61.0
147, 16.0, 13.0, 63.0, 63.0
148, 28.0, -1.0, 61.0, 78.0
149, -91.0, 20.0, 67.0, 93.0
150, 24.0, 8.0, 47.0, 92.0
151, 33.0, 13.0, 64.0, 77.0
152, 156.0, -7.0, 69.0, 69.0
153, 230.0, -1.0, 74.0, 50.0
154, 57.0, -7.0, 59.0, 64.0
155, -81.0, 10.0, 67.0, 62.0
156, -88.0, 25.0, 86.0, 71.0
157, 5.0, -4.0, 64.0, 100.0
158, 0.0, 7.0, 85.0, 80.0
159, 60.0, 11.0, 59.0, 84.0
160, -116.0, -11.0, 61.0, 68.0
161, -56.0, -3.0, 54.0, 69.0
162, 95.0, 4.0, 62.0, 80.0
163, -6.0, -3.0, 68.0, 69.0
164, -79.0, 14.0, 62.0, 54.0
165, -57.0, 2.0, 75.0, 67.0
166, 2.0, 0.0, 64.0, 54.0
167, -93.0, -8.0, 63.0, 73.0
168, -186.0, -4.0, 66.0, 67.0
169, -102.0, 28.0, 64.0, 66.0
170, -92.0, 0.0, 80.0, 77.0
171, 179.0, 30.0, 57.0, 66.0
172, -196.0, -9.0, 65.0, 61.0
173, -99.0, 1.0, 72.0, 77.0
174, -6.0, 7.0, 66.0, 80.0
175, -94.0, 13.0, 80.0, 74.0
176, 79.0, 3.0, 82.0, 69.0
177, -86.0, -7.0, 69.0, 87.0
178, -97.0, 18.0, 75.0, 79.0
179, -30.0, 23.0, 67.0, 85.0
180, 9.0, 3.0, 59.0, 74.0
181, -39.0, 13.0, 88.0, 51.0
182, -60.0, 0.0, 65.0, 67.0
183, -78.0, 3.0, 64.0, 74.0
184, -191.0, -12.0, 71.0, 74.0
185, 50.0, -4.0, 77.0, 60.0
186, -68.0, 0.0, 59.0, 67.0
187, -19.0, 14.0, 70.0, 58.0
188, -117.0, -8.0, 75.0, 71.0
189, -32.0, 1.0, 73.0, 67.0
190, 2.0, 16.0, 51.0, 49.0
191, 23.0, 2.0, 66.0, 75.0
192, 90.0, 8.0, 72.0, 68.0
193, 18.0, -1.0, 72.0, 81.0
194, -46.0, 12.0, 58.0, 76.0
195, -118.0, -6.0, 60.0, 65.0
196, 222.0, 15.0, 88.0, 74.0
197, -61.0, 6.0, 76.0, 69.0
198, -93.0, 11.0, 58.0, 80.0
199, -172.0, -11.0, 70.0, 75.0
200, 69.0, -4.0, 66.0, 59.0
201, 29.0, 8.0, 52.0, 100.0
202, -131.0, 17.0, 63.0, 62.0
203, 76.0, -1.0, 73.0, 85.0
204, -238.0, -5.0, 52.0, 45.0
205, 153.0, -15.0, 61.0, 61.0
206, -184.0, 15.0, 57.0, 80.0
207, -192.0, 25.0, 68.0, 67.0
208, 91.0, 9.0, 62.0, 73.0
209, 14.0, -14.0, 66.0, 66.0
210, -133.0, -11.0, 85.0, 82.0
211, -103.0, -8.0, 69.0, 76.0
212, 103.0, 5.0, 67.0, 82.0
213, 58.0, 10.0, 83.0, 70.0
214, 4.0, 9.0, 81.0, 66.0
215, -169.0, 10.0, 70.0, 70.0
216, 21.0, 9.0, 65.0, 66.0
217, 50.0, 9.0, 54.0, 89.0
218, 321.0, 22.0, 75.0, 94.0
219, -1.0, -3.0, 65.0, 93.0
220, -199.0, 10.0, 64.0, 67.0
221, 249.0, 3.0, 79.0, 70.0
222, 88.0, 13.0, 82.0, 74.0
223, 99.0, 8.0, 54.0, 73.0
224, -104.0, 1.0, 72.0, 65.0
225, 170.0, 12.0, 44.0, 76.0
226, -70.0, -2.0, 51.0, 64.0
227, -62.0, 7.0, 62.0, 69.0
228, -188.0, -3.0, 72.0, 61.0
229, -73.0, -16.0, 80.0, 64.0
230, 147.0, 2.0, 71.0, 82.0
231, -15.0, 18.0, 67.0, 69.0
232, -13.0, 1.0, 57.0, 59.0
233, 74.0, -3.0, 67.0, 72.0
234, 179.0, 13.0, 71.0, 60.0
235, 168.0, 22.0, 71.0, 51.0
236, 25.0, 4.0, 77.0, 54.0
237, 131.0, -20.0, 74.0, 72.0
238, 89.0, -8.0, 70.0, 86.0
239, 42.0, 13.0, 75.0, 74.0
240, 50.0, 23.0, 67.0, 75.0
241, 71.0, 2.0, 75.0, 76.0
242, 62.0, 23.0, 76.0, 48.0
243, -75.0, 0.0, 51.0, 63.0
244, -22.0, 1.0, 66.0, 65.0
245, -2.0, -8.0, 77.0, 65.0
246, -49.0, -2.0, 48.0, 50.0
247, -130.0, 3.0, 77.0, 67.0
248, -217.0, 19.0, 91.0, 72.0
249, 70.0, -6.0, 74.0, 76.0
250, -93.0, -6.0, 56.0, 75.0
251, 16.0, 7.0, 75.0, 72.0
252, 125.0, 0.0, 80.0, 87.0
253, 86.0, 7.0, 69.0, 62.0
254, 42.0, -2.0, 81.0, 81.0
255, -82.0, 16.0, 52.0, 69.0
0, -187.0, -3.0, 83.0, 74.0
1, -72.0, -18.0, 54.0, 70.0
2, 29.0, 29.0, 58.0, 70.0
3, -166.0, 1.0, 87.0, 59.0
4, 219.0, 23.0, 53.0, 65.0
5, -143.0, 23.0, 51.0, 79.0
6, -65.0, 8.0, 63.0, 71.0
7, -57.0, 15.0, 61.0, 71.0
8, -106.0, -6.0, 59.0, 45.0
9, -35.0, 6.0, 66.0, 88.0
10, -46.0, 0.0, 88.0, 71.0
11, -109.0, 9.0, 56.0, 62.0
12, 107.0, 0.0, 59.0, 71.0
13, -107.0, 1.0, 69.0, 67.0
14, -210.0, 4.0, 61.0, 62.0
15, -127.0, -9.0, 80.0, 45.0
16, 9.0, -1.0, 71.0, 73.0
17, -144.0, 19.0, 62.0, 78.0
18, 105.0, 12.0, 67.0, 53.0
19, -113.0, -18.0, 87.0, 75.0
20, 4.0, 14.0, 61.0, 69.0
21, -28.0, -2.0, 76.0, 75.0
22, 270.0, -7.0, 60.0, 65.0
23, -39.0, 11.0, 66.0, 65.0
24, 85.0, 7.0, 56.0, 75.0
25, 46.0, -16.0, 59.0, 67.0
26, -7.0, -14.0, 74.0, 62.0
27, -166.0, 9.0, 64.0, 65.0
28, -115.0, 0.0, 59.0, 57.0
29, 62.0, 8.0, 87.0, 66.0
30, 131.0, 13.0, 64.0, 65.0
31, -23.0, -6.0, 51.0, 84.0
32, -69.0, -7.0, 52.0, 75.0
33, -76.0, 9.0, 66.0, 67.0
34, -9.0, 0.0, 72.0, 71.0
35, -80.0, -3.0, 58.0, 51.0
36, 6.0, 12.0, 77.0, 51.0
37, -270.0, 0.0, 60.0, 71.0
38, 65.0, 11.0, 55.0, 55.0
39, -145.0, 22.0, 68.0, 52.0
40, 13.0, 20.0, 63.0, 69.0
41, -88.0, -2.0, 86.0, 85.0
42, -23.0, 1.0, 73.0, 77.0
43, 172.0, 9.0, 68.0, 68.0
44, -116.0, 11.0, 69.0, 61.0
45, 2.0, 24.0, 67.0, 78.0
46, 121.0, -17.0, 58.0, 79.0
47, 93.0, 1.0, 78.0, 70.0
48, 317.0, -3.0, 74.0, 85.0
49, -22.0, -4.0, 75.0, 72.0
50, 0.0, 8.0, 54.0, 75.0
51, -125.0, 3.0, 57.0, 80.0
52, -93.0, 13.0, 60.0, 65.0
53, -126.0, 9.0, 80.0, 60.0
54, -13.0, 14.0, 41.0, 91.0
55, -100.0, 4.0, 75.0, 81.0
56, 20.0, -7.0, 57.0, 57.0
57, 115.0, 2.0, 56.0, 68.0
58, 54.0, 14.0, 49.0, 72.0
59, -132.0, 4.0, 56.0, 64.0
60, -51.0, 8.0, 52.0, 80.0
61, 60.0, -9.0, 60.0, 77.0
62, -6.0, 21.0, 72.0, 72.0
63, -108.0, -12.0, 56.0, 75.0
64, 94.0, 3.0, 73.0, 88.0
65, -89.0, 11.0, 73.0, 58.0
66, 32.0, 2.0, 80.0, 100.0
67, -28.0, 21.0, 56.0, 72.0
68, 46.0, 24.0, 75.0, 50.0
69, -417.0, -12.0, 67.0, 75.0
70, -184.0, 7.0, 73.0, 67.0
71, -12.0, 21.0, 50.0, 83.0
72, -168.0, 4.0, 52.0, 64.0
73, -119.0, -11.0, 74.0, 58.0
74, 26.0, 4.0, 57.0, 55.0
75, -176.0, -3.0, 72.0, 58.0
76, -22.0, 1.0, 67.0, 74.0
77, 29.0, 4.0, 72.0, 58.0
78, 130.0, 17.0, 61.0, 57.0
79, -23.0, 8.0, 83.0, 88.0
80, 187.0, 3.0, 55.0, 81.0
81, -110.0, 1.0, 79.0, 62.0
82, -74.0, 3.0, 54.0, 83.0
83, -106.0, -5.0, 67.0, 60.0
84, -179.0, 4.0, 83.0, 65.0
85, 8.0, 5.0, 52.0, 80.0
86, 58.0, 3.0, 73.0, 50.0
87, 117.0, 0.0, 73.0, 91.0
88, -6.0, -15.0, 70.0, 74.0
89, 197.0, -5.0, 36.0, 66.0
90, 71.0, 31.0, 70.0, 68.0
91, -57.0, 21.0, 70.0, 56.0
92, -66.0, -3.0, 67.0, 48.0
93, -98.0, -3.0, 83.0, 75.0
94, 61.0, 3.0, 63.0, 88.0
95, -164.0, 16.0, 53.0, 70.0
96, 37.0, 11.0, 80.0, 60.0
97, 95.0, 8.0, 78.0, 85.0
98, 49.0, 13.0, 62.0, 73.0
99, 191.0, 18.0, 66.0, 73.0
100, -71.0, 21.0, 76.0, 57.0
101, 5.0, -1.0, 55.0, 60.0
102, -306.0, 6.0, 76.0, 72.0
103, 51.0, 11.0, 59.0, 89.0
104, -158.0, 21.0, 65.0, 58.0
105, -119.0, 2.0, 64.0, 73.0
106, 14.0, 14.0, 59.0, 55.0
107, 106.0, 6.0, 71.0, 71.0
108, 184.0, -2.0, 74.0, 78.0
109, 0.0, 8.0, 74.0, 58.0
110, -131.0, -3.0, 76.0, 79.0
111, 105.0, -11.0, 62.0, 76.0
112, 58.0, 6.0, 92.0, 53.0
113, 128.0, 4.0, 65.0, 62.0
114, -153.0, 11.0, 73.0, 59.0
115, -42.0, 10.0, 57.0, 75.0
116, -35.0, -7.0, 70.0, 56.0
117, -9.0, 10.0, 64.0, 70.0
118, -132.0, 11.0, 73.0, 91.0
119, 68.0, -1.0, 56.0, 71.0
120, 81.0, 0.0, 61.0, 66.0
121, 118.0, -2.0, 56.0, 57.0
122, 139.0, 2.0, 82.0, 62.0
123, -202.0, 0.0, 63.0, 78.0
124, -153.0, 0.0, 59.0, 56.0
125, 6.0, 7.0, 75.0, 60.0
126, 103.0, 18.0, 64.0, 72.0
127, 11.0, 2.0, 68.0, 85.0
128, -150.0, -9.0, 67.0, 67.0
129, -120.0, 1.0, 59.0, 63.0
130, -197.0, 7.0, 61.0, 79.0
131, 149.0, -10.0, 52.0, 71.0
132, -86.0, 7.0, 54.0, 59.0
133, 191.0, -23.0, 65.0, 76.0
134, -158.0, 6.0, 62.0, 89.0
135, -213.0, -8.0, 66.0, 70.0
136, -231.0, 11.0, 65.0, 73.0
137, 47.0, -1.0, 66.0, 71.0
138, 6.0, 8.0, 72.0, 92.0
139, 75.0, 10.0, 82.0, 63.0
140, 43.0, 16.0, 48.0, 67.0
141, -112.0, -4.0, 62.0, 43.0
142, -118.0, -1.0, 59.0, 80.0
143, -109.0, -10.0, 31.0, 60.0
144, 62.0, -4.0, 73.0, 64.0
145, 156.0, -22.0, 60.0, 71.0
146, -203.0, 7.0, 54.0, 67.0
147, 22.0, -1.0, 67.0, 83.0
148, 16.0, 3.0, 81.0, 73.0
149, -77.0, 19.0, 64.0, 75.0
150, 107.0, 6.0, 62.0, 94.0
151, 162.0, 8.0, 80.0, 68.0
152, 9.0, -14.0, 59.0, 58.0
153, -19.0, 13.0, 80.0, 58.0
154, 148.0, 12.0, 92.0, 83.0
155, -29.0, -1.0, 75.0, 71.0
156, 82.0, 20.0, 70.0, 39.0
157, -100.0, 19.0, 67.0, 81.0
158, 83.0, 1.0, 71.0, 79.0
159, 3.0, 14.0, 66.0, 71.0
160, 11.0, -1.0, 44.0, 64.0
161, -95.0, 10.0, 69.0, 68.0
162, -7.0, 2.0, 67.0, 89.0
163, 53.0, 8.0, 78.0, 72.0
164, 40.0, 0.0, 38.0, 67.0
165, 77.0, -2.0, 62.0, 67.0
166, 13.0, 15.0, 82.0, 85.0
167, 87.0, 7.0, 84.0, 78.0
168, 34.0, 0.0, 82.0, 67.0
169, -48.0, 26.0, 64.0, 54.0
170, -66.0, -2.0, 74.0, 63.0
171, -100.0, 26.0, 63.0, 60.0
172, 232.0, 8.0, 83.0, 71.0
173, -160.0, 3.0, 58.0, 80.0
174, 151.0, 9.0, 60.0, 94.0
175, 297.0, -9.0, 71.0, 55.0
176, -31.0, -2.0, 68.0, 74.0
177, 97.0, -3.0, 47.0, 69.0
178, -175.0, -10.0, 60.0, 54.0
179, -6.0, -7.0, 68.0, 65.0
180, -116.0, -11.0, 79.0, 70.0
181, -170.0, 9.0, 69.0, 68.0
182, -112.0, -18.0, 69.0, 73.0
183, -40.0, 6.0, 73.0, 60.0
184, -34.0, 9.0, 83.0, 82.0
185, 283.0, 9.0, 55.0, 78.0
186, -177.0, -5.0, 56.0, 66.0
187, -131.0, 0.0, 55.0, 78.0
188, -333.0, 9.0, 55.0, 60.0
189, 197.0, -10.0, 66.0, 78.0
190, 105.0, 0.0, 71.0, 74.0
191, 65.0, 15.0, 64.0, 45.0
192, -176.0, -10.0, 71.0, 56.0
193, -55.0, -1.0, 46.0, 78.0
194, 29.0, 5.0, 72.0, 80.0
195, -20.0, 2.0, 70.0, 85.0
196, -54.0, 31.0, 65.0, 76.0
197, -3.0, -3.0, 69.0, 74.0
198, -76.0, -3.0, 70.0, 78.0
199, -42.0, 9.0, 65.0, 79.0
200, 62.0, 0.0, 60.0, 82.0
201, 149.0, 22.0, 73.0, 70.0
202, -115.0, 22.0, 63.0, 83.0
203, 95.0, -3.0, 68.0, 81.0
204, -170.0, 7.0, 72.0, 83.0
205, -55.0, 0.0, 68.0, 96.0
206, -119.0, -9.0, 84.0, 74.0
207, -237.0, 1.0, 62.0, 67.0
208, 71.0, -4.0, 50.0, 81.0
209, -26.0, 13.0, 86.0, 84.0
210, -116.0, -6.0, 69.0, 62.0
211, -86.0, -1.0, 71.0, 85.0
212, -18.0, 5.0, 86.0, 84.0
213, -41.0, 2.0, 84.0, 59.0
214, -8.0, -4.0, 84.0, 76.0
215, -257.0, 2.0, 79.0, 79.0
216, 219.0, 5.0, 68.0, 75.0
217, 143.0, -11.0, 58.0, 87.0
218, -91.0, 0.0, 65.0, 58.0
219, -92.0, -9.0, 65.0, 58.0
220, -14.0, 1.0, 66.0, 64.0
221, 160.0, 22.0, 81.0, 76.0
222, -223.0, 21.0, 67.0, 82.0
223, -48.0, 2.0, 71.0, 44.0
224, 76.0, 2.0, 78.0, 70.0
225, -28.0, 4.0, 81.0, 71.0
226, -127.0, 0.0, 57.0, 84.0
227, 357.0, -12.0, 72.0, 37.0
228, 20.0, -8.0, 55.0, 84.0
229, 51.0, 29.0, 76.0, 65.0
230, -134.0, 5.0, 65.0, 74.0
231, 248.0, 12.0, 66.0, 74.0
